; Name diameter(mm) Length(mm) delay propellant_weight(kg) mass(kg)
O10400-I 143 2438 P 6.07 18.01 SSI
0.010 10.129
0.370 1675.048
0.730 1649.453
1.090 1622.081
1.450 1590.739
1.810 1558.013
2.170 1524.492
2.530 1493.891
2.890 1462.492
3.250 1431.987
3.610 1400.609
3.970 1371.720
4.330 1343.713
4.690 1316.055
5.050 1288.726
5.410 1262.746
5.770 1235.414
6.130 1208.810
6.490 1182.573
6.850 1156.720
7.210 414.400
7.570 316.530
7.930 241.952
8.290 182.485
8.650 134.944
9.010 97.016
9.370 66.594
9.730 46.179
10.090 39.194
10.445 0.000
