; Name diameter(mm) Length(mm) delay propellant_weight(kg) mass(kg)
O14500-I 143 2438 P 10.06 22.00 SSI
0.010 1270.844
0.480 1268.386
0.950 1254.692
1.430 1241.034
1.900 1226.756
2.370 1213.559
2.840 1201.055
3.310 1187.632
3.790 1174.452
4.260 1161.336
4.730 1147.992
5.200 1135.748
5.670 1124.093
6.150 1111.225
6.620 1099.147
7.090 1085.806
7.560 1073.162
8.040 1060.660
8.510 1048.747
8.980 1036.589
9.450 1024.084
9.920 1011.448
10.400 999.581
10.870 986.189
11.340 972.973
11.810 959.690
12.280 947.056
12.760 557.140
13.230 474.595
13.690 0.000
