; Name diameter(mm) Length(mm) delay propellant_weight(kg) mass(kg)
O18000-I 143 2438 P 9.81 21.75 SSI
0.010 -53.498
0.430 1763.653
0.850 1743.394
1.270 1723.212
1.680 1701.689
2.100 1679.079
2.520 1658.303
2.940 1636.860
3.360 1615.223
3.780 1593.847
4.200 1572.536
4.610 1551.548
5.030 1532.107
5.450 1512.940
5.870 1493.042
6.290 1474.056
6.710 1453.961
7.130 1434.391
7.550 1415.837
7.960 1398.192
8.380 1380.020
8.800 1362.031
9.220 1343.666
9.640 1326.414
10.060 1309.012
10.480 1290.181
10.890 1272.246
11.310 1254.491
11.730 1236.989
12.141 0.000
