; Name diameter(mm) Length(mm) delay propellant_weight(kg) mass(kg)
O18000-I 143 2438 P 9.89 21.83 SSI
0.005 216.251
0.360 2091.647
0.710 2067.483
1.065 2042.841
1.420 2016.018
1.770 1989.652
2.125 1964.546
2.480 1938.635
2.830 1913.214
3.185 1887.638
3.540 1862.152
3.890 1836.824
4.245 1813.667
4.600 1790.645
4.950 1767.411
5.305 1744.595
5.655 1720.835
6.010 1697.667
6.365 1675.390
6.715 1654.212
7.070 1632.593
7.425 1610.976
7.775 1589.276
8.130 1568.964
8.485 1547.847
8.835 1525.778
9.190 1503.802
9.545 1483.087
9.895 1461.786
10.245 0.000
